0,273
0,270
10,17
10,297
10,4
10,86
10,130
10,246
10,210
10,143
9,7
9,1
9,5
9,2
9,3
8,7
8,15
8,12
8,16
51,3
51,2
51,1
51,0
46,4
46,3
46,2
46,1
46,0
45,4
45,3
45,2
45,1
45,0
44,4
44,3
44,2
44,1
44,0
42,5
42,4
42,3
42,2
42,1
42,0
39,5
39,4
39,3
39,2
39,1
39,0
37,5
37,4
37,3
37,2
37,1
37,0
25,3
25,1
20,3
20,2
20,1
19,3
19,2
19,1
14,5
14,4
14,2
14,0
12,3
12,2
12,1
11,30
11,29
11,28
11,27
11,26
11,25
11,24
11,23
11,22
11,21
11,20
11,19
11,18
11,17
11,16
11,15
11,13
11,11
11,10
11,8
11,6
11,5
11,4
11,3
11,2
11,1
10,316
10,310
10,300
10,299
10,286
10,281
10,275
10,260
10,217
10,214
10,187
10,179
10,175
